0,419
0,418
0,417
0,416
0,415
0,414
0,413
0,412
0,411
0,410
0,409
0,408
0,407
0,406
0,405
0,404
0,403
47,3
47,2
47,1
47,0
45,3
45,2
45,1
45,0
46,3
46,2
46,1
46,0
0,402
0,401
0,400
0,278
0,399
0,398
0,397
0,396
0,386
44,3
44,2
44,1
44,0
43,3
43,2
0,9
43,1
43,0
42,57
42,56
42,55
42,54
42,53
42,52
42,51
42,50
42,49
42,48
42,47
42,46
42,45
42,44
42,43
42,42
42,41
42,40
42,39
42,38
42,37
42,36
42,35
3,2
10,183
10,35
10,79
10,5
10,167
10,83
9,2
9,3
8,16
8,7
8,14
8,9
8,6
8,2
8,3
34,3
34,2
34,1
34,0
20,2
12,3
20,1
